,Conservative,,,Liberal,,,NDP,,,Other / Independent
