4 10
6 10
21 9
29 9
30 6
37 10
39 8
40 4
45 9
51 9
52 9
53 10
55 6
58 9
61 8
64 10
65 10
68 10
78 10
90 7
91 7
93 6
96 6
99 10
101 8
106 6
117 9
126 10
129 10
136 7
149 4
152 3
164 6
165 9
170 6
171 8
213 7
227 10
230 9
242 8
244 7
245 6
250 6
251 9
257 10
260 7
265 9
301 10
307 10
334 8
346 7
347 6
350 9
376 8
377 10
379 10
402 8
408 10
412 9
425 6
428 10
450 10
462 9
474 9
485 8
487 8
526 9
559 2
576 9
602 8
606 6
634 8
642 10
645 4
717 4
769 8
770 8
802 7
810 9
812 8
830 10
858 8
892 9
906 9
913 6
940 9
949 9
960 10
982 6
985 9
986 10
990 10
1011 8
1014 9
1016 8
1018 8
1025 8
1029 10
1033 10
1034 10
1047 9
1065 9
1074 10
1078 7
1079 10
1084 10
1088 9
1101 8
1104 10
1105 10
1118 8
1126 10
1131 5
1135 10
1136 7
1153 10
1156 9
1300 10
1315 10
1316 10
1317 7
1318 9
1319 10
1322 8
1341 10
1371 6
1404 9
1409 10
1430 7
1436 9
1439 9
1453 8
1480 10
1485 10
1496 10
1497 10
1524 10
1539 5
1540 6
1584 9
1621 9
1622 8
1626 8
1635 8
1640 9
1688 8
1693 9
1703 8
1711 10
1731 9
1743 8
1763 10
1768 9
1828 9
1855 9
1856 10
1860 10
1884 7
1888 10
1939 9
1967 10
1969 9
1973 9
1980 10
1987 9
1989 10
1990 10
2012 9
2024 9
2027 9
2028 10
2050 9
2051 9
2079 9
2096 7
2097 8
2127 9
2143 9
2195 10
2198 8
2204 10
2243 10
2262 10
2274 10
2324 7
2350 9
2355 10
2407 10
2413 8
2417 8
2418 10
2459 9
2467 8
2479 8
2486 8
2547 10
2590 10
2592 10
2622 9
2629 9
2631 8
2644 9
2687 8
2692 9
2693 8
2714 10
2727 9
2729 10
2738 7
2745 8
2790 10
2802 8
2817 10
2821 9
2855 7
2865 8
2869 8
2906 9
2964 9
2966 10
3009 10
3036 10
3053 9
3056 9
3063 9
3082 10
3107 10
3109 10
3140 10
3179 7
3180 8
3181 8
3265 10
3310 10
3323 10
3343 7
3362 9
3391 10
3440 8
3441 9
3487 6
3576 10
3577 10
3595 8
3666 9
3700 10
3718 9
3753 9
3758 8
3759 9
3760 9
3761 9
3776 9
3777 10
3832 10
3882 10
3893 10
3894 10
3936 6
3937 10
3939 9
3944 8
3950 9
3969 10
4141 9
4142 9
4177 10
4190 10
4200 4
4241 10
4249 7
4256 8
4263 9
4303 10
4329 6
4335 10
4343 10
4445 8
4463 9
4492 9
4510 10
4511 8
4549 10
4590 10
4613 9
4618 7
4633 10
4686 10
4797 10
4821 8
4852 10
4935 9
4962 8
4967 10
5014 9
5039 9
5047 10
5056 10
5066 8
5256 8
5297 9
5306 9
5320 10
5327 10
5343 9
5403 10
5418 9
5424 10
5460 4
5496 9
5500 10
5521 10
5580 9
5594 9
5640 9
5650 10
5670 10
5676 10
5726 3
6001 9
6004 10
6035 9
6072 4
6073 4
6074 4
6080 10
6152 7
6153 8
6216 9
6226 9
6260 9
6261 8
6263 9
6264 8
6265 9
6286 7
6389 6
6395 9
6396 9
6447 10
6448 10
6484 10
6496 6
6578 9
6613 10
6615 10
6669 7
6700 10
6732 9
6756 9
6785 10
6786 9
6800 7
6850 10
6896 9
6897 10
6963 10
6998 10
7022 10
7124 8
7190 10
7216 8
7280 7
7319 10
7339 10
7410 7
7413 7
7468 10
7469 10
7512 9
7544 10
7567 9
7574 7
7763 9
7764 10
7766 10
7795 7
7833 6
7869 10
7895 10
7898 7
7909 5
7946 10
7962 7
8116 2
8124 9
8152 9
8161 8
8393 9
8510 9
8571 10
8627 10
8651 7
8711 10
8805 8
8889 10
8893 10
8913 10
8949 10
8959 8
9008 9
9031 8
9102 10
9129 10
9274 10
9275 10
9334 10
9344 10
9366 10
9599 9
9614 10
9641 10
9679 10
9769 10
9833 9
9900 7
9902 9
9926 10
9930 9
9944 10
9948 9
9981 9
10092 10
10095 10
10098 8
10100 8
10101 9
10108 10
10121 8
10134 10
10247 10
10254 10
10292 10
10300 9
10303 10
10319 10
10337 10
10557 10
10559 7
10566 8
10567 6
10625 9
10907 10
10945 9
10972 9
11015 6
11063 10
11129 9
11145 9
11146 10
11181 4
11215 6
11395 10
11422 10
11423 10
11424 9
11572 9
11585 10
11807 10
11808 10
12115 8
12206 8
12261 10
12324 10
12325 8
12355 10
12430 7
12435 9
12536 10
12543 10
13050 10
13071 5
13194 9
13231 9
13232 9
13238 10
13271 10
13339 8
13374 10
13466 8
13467 10
13479 7
13747 10
13908 10
13916 9
13947 10
14219 10
14285 10
14311 9
14314 10
14454 10
14560 10
14561 10
14733 9
14921 7
14929 7
14972 8
14973 8
15064 10
15223 10
15378 8
15414 8
15507 10
15693 9
15697 7
15839 10
15841 9
15842 9
15843 8
15844 8
15874 10
16369 10
16585 10
16597 8
16602 10
16637 10
16872 10
17221 7
17586 10
18104 6
18530 10
18877 9
18881 10
18930 9
18977 10
19264 9
19439 6
19748 10
20115 9
20448 8
20452 9
20477 9
20565 10
20679 8
20680 10
20687 9
20690 9
20691 8
20692 9
20695 9
20696 10
20697 9
20701 9
20705 9
21019 9
21043 10
21071 10
21331 10
21332 10
21733 9
21823 7
21824 8
21828 10
22330 8
22368 10
22444 8
22445 4
22447 7
22635 8
22766 8
22993 10
23247 10
23492 8
23495 10
23509 10
23526 10
23527 9
23532 10
23539 8
23557 9
23611 9
23721 10
23784 10
24418 9
24829 8
24933 10
25315 10
25528 8
25529 10
25737 10
25923 9
25924 9
25931 9
25934 10
25947 9
26304 10
26332 10
27320 8
27325 10
27583 8
27860 9
27892 10
28148 9
28162 10
28328 10
28367 10
28388 9
28430 9
28436 9
28512 10
28556 9
28571 10
28587 8
28589 8
28596 10
28914 9
29472 8
29522 10
29789 10
29815 9
30002 10
30013 10
30026 10
30298 9
30615 10
30808 10
30972 10
31025 10
31109 9
31110 9
31111 9
31112 10
31136 10
31568 9
31573 8
31897 10
32303 10
32362 10
32861 9
32866 9
32872 10
32876 8
33168 10
33688 10
33689 10
34144 10
34208 8
34215 9
34216 10
34221 9
34222 10
34223 10
34254 9
34264 10
34410 8
34412 10
34632 10
34728 10
34844 10
34873 10
34876 8
34936 10
35057 9
35215 10
35269 10
35317 9
35329 9
35330 9
35341 9
35343 10
35383 10
35403 9
35995 9
36114 8
36116 9
36305 9
36306 9
36522 10
36598 10
36649 9
36652 10
36658 10
37146 10
37506 10
37632 10
37658 8
37745 9
37899 9
38309 10
38310 10
38434 10
38963 10
38969 10
39054 8
39370 9
39372 10
39373 10
39567 8
39958 9
39961 10
39968 10
40198 10
40403 10
40648 9
40757 10
41087 10
41420 8
42160 9
42165 9
42363 10
