7 11
677684740.0 8.0 2.0 10.0 76.0 11.0 10.0 59.0 240959490.0 1.0 81355640.0 
1.0 146413890.0 121138980.0 107746670.0 162693820.0 106681010.0 107858090.0 156714460.0 1.0 83194000.0 7559084.0 
26.0 8.0 262.0 711.0 1861.0 786.0 755.0 338.0 1.0 98.0 999995140.0 
5163.0 607.0 833.0 549.0 1791.0 475.0 535.0 1023.0 14688.0 423.0 999973900.0 
1.0 146413940.0 121138920.0 107746660.0 162693870.0 106680970.0 107858060.0 156714530.0 1.0 83194000.0 7559084.0 
5163.0 607.0 833.0 549.0 1791.0 475.0 535.0 1023.0 14688.0 423.0 999973900.0 
677684740.0 8.0 2.0 10.0 76.0 11.0 10.0 59.0 240959490.0 1.0 81355640.0 
1 0 0 0 0 0 0 0 1 0 0 
0 1 0 0 1 0 0 1 0 0 0 
0 0 0 0 0 0 0 0 0 0 1 
0 0 0 0 0 0 0 0 0 0 1 
0 1 0 0 1 0 0 1 0 0 0 
0 0 0 0 0 0 0 0 0 0 1 
1 0 0 0 0 0 0 0 1 0 0 
O C N S C S O 
7
3 5
3 1
5 4
6 4
1 0
1 2
4 2
O C C C C C C C O C 
10
7 8
7 6
7 9
3 4
3 2
5 6
5 4
1 0
1 2
0 4
